64
-59
18
26
106
204
-106
136
40
3
-41
13
-253
-150
-286
-58
-85
-186
-43
-43
-26
-24
-102
97
-23
87
135
186
34
99
-129
50
113
-126
100
-190
-95
-166
37
166
-127
132
-168
-85
45
99
-30
203
-35
-149
-216
136
124
-31
28
287
3
22
-27
60
-162
-70
-135
-252
11
-110
29
-34
108
-46
-53
-84
-104
-264
0
-68
151
63
44
-270
-71
58
-64
-10
-48
-146
-157
30
-31
148
83
-183
-46
103
-67
-64
-10
44
69
13
122
80
-21
56
155
35
-48
4
-246
47
-100
71
-12
84
36
-71
144
-32
104
-111
93
-240
-62
-107
34
-1
45
33
187
52
437
-228
66
-260
212
-55
-84
-148
86
109
54
-76
51
-130
13
145
18
47
156
122
-24
-80
-172
102
-122
140
104
-18
92
-25
-10
5
-166
114
-173
18
-94
20
19
5
-22
194
-95
88
-125
-75
-176
-197
-92
124
-28
63
16
190
-19
71
52
88
-103
106
-142
105
226
-27
202
-132
83
-288
18
-45
-78
223
-304
94
-123
120
119
198
83
-199
237
130
-74
74
-27
58
37
-67
11
-56
-48
-2
268
6
-129
173
171
209
28
-23
59
-112
227
276
54
79
-131
-152
-60
-35
160
229
17
-44
70
-184
-235
-330
-149
-354
-68
-108
125
-52
127
-2
161
64
-29
12
310
215
-61
-230
79
92
-59
111
29
-105
98
28
-107
-99
23
-26
-37
-91
28
155
116
-241
112
-67
-137
-31
5
122
-110
-16
-101
56
-209
37
39
-16
167
-158
-38
-119
-95
95
-13
-75
176
-180
-13
-144
70
107
-18
3
130
-100
-43
-80
89
-110
-40
45
279
-226
91
-10
187
-3
90
-175
-36
-89
-189
109
25
43
-23
-117
84
85
90
-42
19
-178
99
6
-237
44
98
-39
50
3
-113
48
-260
90
91
51
-30
135
-93
-105
-31
-9
102
-165
35
235
-113
120
110
19
-135
-45
76
124
29
-69
-33
-206
-129
163
-29
64
-114
183
122
-341
130
-163
-16
148
79
159
2
-42
154
-108
42
-81
-83
82
64
53
46
-209
128
-180
219
-185
-97
-90
-124
184
-43
-151
-257
66
-72
-8
98
-94
85
310
160
-67
-224
11
-200
-10
-217
-105
10
55
120
74
141
108
91
51
100
-43
117
51
149
223
292
-206
146
-59
-166
4
-95
-70
-80
-250
148
-297
-66
-231
228
-119
23
-215
105
-115
46
-261
-81
-125
18
169
-92
-94
-6
-27
153
79
25
-28
320
-366
-120
19
-153
126
25
165
-50
-95
25
18
21
67
72
44
-39
-1
-68
16
136
98
3
50
103
241
58
102
-75
-78
-65
-76
-60
-130
123
25
132
113
148
1
-118
104
-34
66
-70
76
41
137
-3
99
36
-76
125
-224
-63
-54
-2
-57
-48
-139
-91
31
120
91
100
5
-93
-75
-54
128
14
140
-77
149
107
132
48
-122
-40
-34
91
72
-104
10
-185
-82
-92
-14
114
-96
-101
-201
51
22
178
24
157
144
-36
-160
79
-119
-137
78
-9
-48
36
-34
55
90
-72
224
-49
-217
-68
-144
311
-106
-82
98
-85
-125
-26
-148
-29
233
18
67
97
43
-106
132
-124
-64
103
-131
63
18
-128
100
-164
-100
106
-133
208
-201
128
80
-137
16
-109
-159
198
42
110
-38
1
140
-16
-101
253
-102
-151
-263
138
48
11
16
-24
-87
-179
-103
-6
-47
56
26
100
-356
132
14
78
-50
-103
-122
-72
-238
156
-104
115
23
48
42
42
141
78
129
-144
67
-218
-64
-53
129
-57
114
-153
-6
-20
-78
22
-33
-188
65
-185
16
-11
-53
67
-78
-153
57
-43
324
-54
98
-61
-17
25
65
-167
-80
-199
17
-51
15
-94
-116
106
-89
16
98
-187
-73
66
-295
-203
-28
-13
-220
-283
18
-10
-319
-56
-71
126
40
19
54
126
-165
268
-240
136
-38
144
-25
-70
-33
-109
37
-46
-335
-64
45
241
-61
-87
-15
-1
-7
-7
77
-346
-89
82
-205
-182
173
83
-35
8
-142
111
-212
70
74
140
199
83
47
-78
29
140
105
-171
-69
157
-148
-121
-9
-151
-148
-129
117
27
38
2
-99
6
-158
-1
113
141
-64
27
204
-28
-182
-22
25
60
88
96
177
136
66
-25
162
256
66
111
223
83
-55
-99
96
-60
-67
-30
-144
-156
-1
-160
11
-120
52
-67
102
-14
204
58
-92
169
-2
283
130
-121
-3
66
-34
121
53
-140
-187
227
233
-12
76
3
162
148
-48
-161
127
-89
-127
-58
75
-316
-53
-103
58
191
259
6
-21
96
19
-9
10
263
57
-203
-33
-24
329
131
-201
43
63
-209
-77
-154
147
-93
50
31
-320
-121
89
-34
119
222
-139
44
200
62
-245
-140
-88
-133
-104
-27
90
130
19
-79
20
-84
-238
-43
-210
49
-50
109
-76
-23
-76
69
-161
-45
164
144
-65
121
14
279
6
37
46
-86
-104
-2
8
155
217
388
63
162
-93
248
208
-74
158
235
-29
344
106
132
17
164
-42
-52
3
220
55
8
119
-124
174
57
-340
160
-68
133
-210
-139
-18
-2
88
38
47
109
145
-86
231
116
26
161
-233
-47
59
-99
-17
-15
-26
-185
149
-75
-1
-254
101
-27
-258
54
83
264
203
-53
99
-170
-26
-189
-16
-21
-150
-222
-72
106
-192
-131
102
-148
-11
34
-209
